37 53 163 279 14 69 232 135 179 265 126 188 218 258 229 167 211 24 222 235 140 196 136 95 178 109 107 118 192 141 202 285 6 219 62 274 89 235 41 100 137 161 188 187 287 189 151 101 68 246 124 273 82 202 207 259 145 266 170 93 37 230 69 12 18 223 51 149 299 27 29 138 3 261 42 168 65 49 80 139 60 246 58 152 283 46 250 165 41 102 129 77 234 291 73 195 231 277 254 225 
49 98 173 85 226 200 68 215 293 178 190 76 17 280 149 275 142 150 269 96 276 179 21 97 177 182 167 128 191 244 204 61 205 199 0 6 172 71 219 292 241 16 249 4 261 187 236 230 197 32 23 196 7 215 217 218 53 97 98 33 53 77 273 270 236 288 171 124 27 150 127 272 250 174 246 176 87 264 93 113 47 153 296 6 11 46 170 254 14 97 135 261 25 144 240 34 107 223 161 59 
53 133 291 138 121 202 265 7 111 23 36 269 156 73 266 57 175 62 199 128 216 49 205 57 94 205 126 219 16 69 75 28 200 35 88 122 92 150 9 205 265 264 91 281 92 155 226 181 138 206 237 177 275 191 157 228 2 68 259 69 128 258 141 106 263 262 101 65 29 71 206 42 193 142 219 50 83 69 271 99 222 5 252 112 275 225 234 242 168 64 237 2 40 158 110 229 253 268 23 218 
166 56 114 151 191 63 162 51 225 217 110 98 62 112 123 193 168 197 233 27 28 111 107 252 47 9 90 166 32 294 249 113 37 267 38 123 103 53 64 204 114 240 250 190 110 27 67 56 34 149 278 244 135 143 15 263 176 50 14 76 111 272 120 159 173 166 17 283 289 93 145 77 142 282 117 84 202 238 211 50 257 97 180 144 287 49 186 121 189 31 6 47 46 114 48 43 169 254 5 78 
289 47 31 47 38 254 163 14 186 188 188 266 14 127 12 40 269 241 183 260 109 162 246 231 181 23 152 29 159 267 54 288 63 235 193 137 24 110 66 147 262 39 237 144 119 293 65 74 13 46 111 159 128 163 204 205 204 20 260 262 34 145 69 217 116 96 1 211 193 32 155 40 110 105 7 97 249 53 60 252 200 14 149 107 238 56 243 208 87 281 74 28 290 264 282 270 170 155 8 150 
234 245 124 15 62 219 285 88 181 169 72 138 224 179 282 271 259 64 81 177 154 266 267 230 187 167 244 138 31 193 201 177 1 73 253 87 162 205 1 153 225 1 166 190 135 230 269 263 247 82 163 206 74 55 258 9 149 108 136 81 249 104 277 192 284 80 114 64 206 234 256 45 223 55 134 130 291 175 179 107 222 239 20 254 97 252 1 55 168 269 193 84 230 8 75 44 34 297 2 187 
139 36 296 23 114 98 287 110 70 109 252 172 4 35 276 38 228 240 60 35 268 139 40 194 56 211 4 20 170 294 269 255 51 257 69 295 237 169 133 4 262 14 203 105 277 210 17 40 184 160 272 29 70 9 160 19 29 203 151 192 78 141 192 228 184 162 102 78 298 281 165 286 145 188 289 62 26 99 277 67 195 8 85 26 28 9 262 227 64 193 109 173 141 279 207 63 296 207 224 267 
236 146 71 291 42 188 37 216 133 116 88 223 179 128 114 261 195 237 110 119 293 81 10 54 175 287 205 11 161 64 11 138 51 280 126 212 125 54 252 46 247 71 203 241 131 187 288 182 28 58 191 287 96 183 61 107 192 279 67 48 65 24 274 7 47 134 131 140 182 146 245 45 117 49 65 79 166 39 38 278 105 212 53 281 201 3 110 212 276 173 232 119 214 236 33 207 56 33 146 259 
217 175 101 215 54 66 75 92 278 154 141 220 16 239 66 155 256 196 15 130 271 55 297 55 127 297 117 145 214 234 82 218 82 79 212 74 169 245 61 161 278 193 276 120 240 183 187 284 85 7 33 264 121 183 117 188 140 161 162 242 117 267 247 287 281 140 77 81 76 180 70 32 126 0 200 39 224 223 39 140 0 64 39 231 238 149 69 275 69 296 275 129 266 128 271 272 62 199 268 209 
250 265 43 276 298 175 209 80 186 76 292 256 25 251 7 125 99 119 189 202 150 100 273 14 87 223 39 69 61 115 235 173 66 229 43 126 218 69 238 159 169 262 282 259 236 36 153 184 110 92 268 252 263 79 280 285 145 218 165 5 191 2 263 101 134 44 259 145 58 119 231 101 153 5 30 142 54 242 6 60 112 135 291 98 272 134 58 243 69 259 49 64 18 290 283 166 193 78 267 89 
110 85 142 44 82 97 116 151 285 11 30 279 114 289 297 246 93 49 282 63 49 120 251 130 119 165 297 186 15 274 38 174 10 143 92 107 232 33 179 136 18 137 96 51 18 130 83 159 254 228 130 101 147 150 118 180 127 233 181 56 72 73 64 149 278 93 284 147 11 46 80 269 154 237 221 224 198 270 72 265 299 195 19 90 153 164 158 49 217 250 284 117 268 59 131 153 219 83 188 274 
127 204 170 252 48 179 88 296 89 24 77 253 57 93 44 9 125 20 36 5 16 130 34 187 172 148 76 22 47 184 20 135 188 247 26 183 199 14 262 73 58 45 265 38 102 88 174 46 286 104 140 177 134 36 26 29 186 92 234 121 100 53 33 226 298 283 15 86 125 87 142 111 43 154 165 132 260 62 180 37 224 245 13 183 262 151 100 119 243 215 158 73 192 34 23 256 130 255 194 279 
225 191 173 68 175 141 261 8 37 151 47 95 226 39 128 78 239 148 270 242 144 76 295 98 221 123 25 208 218 13 143 180 147 40 71 58 154 2 260 265 291 213 162 144 178 118 208 139 123 251 254 197 19 272 283 113 269 103 248 246 0 207 137 196 54 66 227 32 244 35 295 299 293 123 90 150 267 117 6 72 117 267 148 292 34 35 214 193 298 244 75 143 142 126 168 132 260 191 170 123 
209 206 21 103 130 76 235 263 209 178 161 12 177 230 153 48 151 1 73 42 155 0 99 54 214 258 26 19 160 121 7 205 145 20 119 224 272 57 272 6 120 275 74 256 39 286 176 64 232 110 104 193 232 48 115 275 46 298 84 185 131 118 183 201 248 18 193 46 38 166 90 51 217 85 33 127 119 208 271 84 139 1 238 273 72 252 132 83 172 244 149 218 299 24 85 276 242 41 270 41 
96 127 144 11 214 292 285 213 54 252 155 129 98 187 232 70 269 224 194 229 187 294 107 3 205 208 106 276 224 72 134 214 62 79 203 45 256 147 99 158 158 258 198 98 268 184 265 268 198 99 120 213 87 185 242 115 109 21 113 20 116 225 198 60 136 20 206 126 124 104 202 175 64 58 0 3 173 108 110 280 79 34 38 180 36 225 63 130 216 37 283 244 243 154 58 108 230 128 34 268 
296 121 15 131 220 131 176 268 105 183 195 277 89 69 18 249 94 53 130 113 180 246 296 93 62 81 73 9 76 208 242 165 113 227 77 26 255 214 43 258 184 196 171 196 278 100 65 120 53 19 266 95 174 293 43 90 259 299 224 79 86 44 128 57 188 150 57 253 215 295 29 88 234 45 182 131 219 139 198 137 105 237 148 132 151 46 121 135 192 103 82 194 57 79 57 158 128 93 211 299 
162 150 201 247 139 224 129 40 164 54 71 157 242 292 79 277 113 21 165 9 12 59 176 295 163 207 107 266 104 126 86 248 139 107 131 270 155 234 36 243 214 100 248 147 120 272 284 209 78 221 188 203 38 169 94 113 197 174 198 84 158 287 186 209 269 77 205 269 298 147 50 18 287 282 34 51 95 237 114 204 181 208 210 217 188 70 243 208 168 213 285 233 129 221 241 257 198 266 240 72 
221 266 212 75 249 160 9 294 256 246 42 31 202 188 54 235 13 38 91 73 134 112 169 40 285 8 236 56 113 24 270 180 70 104 182 218 14 50 188 211 53 32 268 189 272 62 288 214 93 117 132 55 101 211 54 213 298 164 82 70 22 128 63 208 163 6 83 177 180 15 200 15 75 64 11 2 209 78 153 57 112 23 79 34 56 133 287 5 36 140 245 256 245 201 131 48 246 286 55 146 
194 209 144 28 139 43 252 58 72 107 97 81 182 3 7 283 270 27 120 278 299 194 117 265 186 93 257 237 101 32 103 13 183 38 61 156 296 112 294 206 273 139 207 209 283 46 110 73 265 226 218 75 187 116 279 142 65 270 69 58 70 66 219 192 261 295 66 46 193 14 30 125 8 84 212 81 127 44 176 64 8 112 81 249 100 203 139 130 18 117 64 271 67 278 150 129 251 224 148 155 
180 296 279 52 218 271 51 213 222 189 50 148 283 193 116 230 34 219 156 197 193 142 50 181 267 166 137 95 97 125 3 122 172 7 282 286 229 284 165 198 249 45 68 214 58 127 276 129 221 199 54 7 26 69 6 170 46 192 243 223 123 181 234 27 213 35 70 155 282 122 6 243 110 211 21 173 181 92 248 266 122 249 243 53 165 145 57 1 79 125 57 175 269 65 49 199 282 68 168 183 
165 79 165 96 150 157 125 2 216 153 165 174 31 75 256 154 207 136 294 279 272 236 190 10 23 1 138 273 257 134 24 155 87 193 274 122 10 289 258 272 11 162 99 164 278 190 288 58 98 124 54 22 232 267 180 241 125 1 22 201 249 260 205 82 266 61 274 292 124 48 145 79 95 87 61 156 185 138 53 178 168 118 249 225 63 160 216 18 196 261 68 143 130 148 108 204 240 63 277 90 
266 181 145 219 78 256 236 251 146 6 59 281 127 242 94 129 202 64 84 80 2 1 182 72 145 96 152 158 127 203 239 81 239 170 68 81 21 76 119 128 284 280 203 103 69 272 13 52 119 195 224 195 196 220 144 71 64 145 146 107 129 1 218 272 110 133 218 112 269 81 211 43 86 50 41 237 205 207 71 225 15 73 135 264 79 247 43 37 60 102 89 75 197 264 285 47 49 259 56 224 
276 17 119 297 246 209 16 206 22 164 176 289 190 21 206 74 133 222 275 208 105 281 174 83 295 253 282 239 255 272 298 258 220 156 224 100 247 121 165 158 98 183 39 262 213 133 48 49 24 209 71 270 136 228 281 77 206 216 293 155 128 100 187 213 55 288 217 47 109 118 115 142 188 284 281 11 146 171 134 134 299 223 212 87 187 160 181 236 192 53 207 183 232 175 20 17 187 56 195 171 
252 136 83 228 128 247 261 144 155 200 256 8 85 70 245 165 28 33 71 61 168 284 124 19 263 28 120 195 103 255 126 186 160 14 245 187 174 267 16 114 134 24 165 139 132 36 163 226 125 103 270 254 62 16 179 208 85 200 268 66 38 202 257 51 181 193 96 12 294 194 54 288 149 114 38 296 299 198 129 198 244 297 23 38 182 274 121 205 126 263 299 242 214 297 137 235 299 21 60 297 
208 98 290 42 158 180 106 37 294 52 16 91 84 81 197 38 125 206 169 275 178 61 78 131 30 264 261 252 162 278 18 293 248 236 117 64 155 132 126 53 245 246 4 59 140 185 217 136 97 112 116 260 38 174 221 270 70 10 194 196 215 215 206 148 267 216 162 255 67 19 45 125 292 179 144 133 178 46 298 10 87 176 130 186 160 49 103 222 98 133 175 39 72 122 151 171 127 33 298 27 
250 25 168 199 191 144 264 90 225 272 181 68 39 69 18 285 38 143 193 148 230 143 221 27 243 121 106 297 277 237 36 266 96 6 90 282 282 45 134 253 109 38 262 208 6 221 197 67 258 177 46 67 62 145 151 290 106 241 146 295 114 98 97 242 25 117 296 242 153 146 127 186 222 90 296 28 226 206 190 58 146 208 11 227 143 59 162 32 3 114 36 187 216 1 172 234 161 187 30 108 
140 159 126 233 156 10 260 184 53 57 225 226 120 135 191 40 295 124 158 135 140 272 168 63 45 90 262 130 156 181 159 271 32 20 221 19 203 283 89 262 21 193 76 281 34 289 283 143 67 2 146 29 295 18 89 7 243 92 143 203 130 197 40 16 159 80 8 275 20 233 212 108 284 184 217 49 274 237 174 103 16 107 211 222 139 61 236 193 172 57 62 196 236 171 120 257 74 248 60 250 
193 16 77 298 173 256 204 133 158 284 274 112 284 72 212 160 275 277 104 31 103 215 208 102 288 13 140 136 78 84 221 230 279 127 222 134 271 18 26 214 137 174 48 263 61 217 114 277 277 10 214 84 196 191 244 255 271 297 195 57 18 0 42 153 99 232 250 282 44 202 87 15 123 183 290 139 221 282 189 244 212 280 241 285 254 189 239 273 202 168 138 50 189 195 284 231 103 197 47 133 
139 224 90 40 168 191 48 16 86 258 116 50 16 103 54 153 135 105 172 280 291 78 81 241 41 59 146 22 177 95 226 276 84 188 251 6 84 117 61 71 159 227 183 54 25 170 176 8 74 250 128 46 88 111 191 53 1 226 37 128 71 298 22 258 291 217 60 203 83 114 294 39 260 287 19 168 35 138 56 30 59 126 199 153 235 23 161 135 112 193 236 265 35 249 64 291 256 88 210 205 
177 74 99 280 124 55 92 76 283 71 234 260 91 151 184 297 114 5 106 162 36 268 268 55 115 197 203 79 19 129 208 160 111 189 287 154 237 106 209 11 163 33 37 201 220 166 55 80 132 154 198 174 180 219 61 272 161 159 212 223 41 292 260 163 259 23 294 82 30 30 255 16 72 292 22 282 279 262 162 188 265 267 203 140 104 229 218 163 52 53 27 50 260 45 186 150 198 107 145 275 
255 5 285 111 274 187 64 229 84 253 190 12 288 177 75 50 280 39 15 289 0 235 267 16 1 75 143 141 1 46 192 246 40 164 132 61 30 191 0 164 132 269 70 229 175 23 58 99 265 37 74 53 113 299 80 274 5 260 131 297 274 180 106 62 134 291 100 245 198 216 253 67 137 232 36 86 297 48 289 268 61 3 148 239 271 108 239 235 122 194 89 57 91 249 188 223 231 122 268 283 
240 10 76 280 129 244 32 47 226 59 60 171 189 133 140 107 114 193 236 140 258 26 130 173 286 101 289 189 244 217 221 44 246 289 73 177 282 197 175 252 235 273 122 83 253 247 256 230 50 23 258 155 231 156 209 174 133 116 290 249 166 51 54 203 274 240 275 190 294 169 57 54 122 238 16 4 238 212 140 159 219 170 182 214 243 239 19 203 299 113 127 250 107 22 199 252 247 21 170 77 
171 227 109 116 292 142 73 67 42 53 17 23 194 141 240 40 177 184 131 176 283 281 295 240 56 80 266 260 285 290 39 32 71 118 267 111 145 8 14 195 151 46 147 128 177 18 255 186 64 84 186 25 55 112 175 156 258 62 237 270 76 44 82 134 37 115 217 93 14 162 254 76 227 23 265 92 241 111 243 135 290 253 268 259 214 298 278 133 0 55 132 206 7 50 226 132 289 142 72 28 
29 66 162 91 220 231 48 147 55 241 209 227 214 291 100 65 288 206 0 99 53 73 116 172 296 110 224 97 267 74 299 224 124 221 266 83 225 176 79 63 217 160 49 35 52 120 247 40 245 202 199 279 139 242 61 181 195 130 280 165 23 177 128 199 125 227 17 56 253 76 283 298 65 260 82 121 196 210 148 195 277 156 189 156 261 179 242 192 118 19 229 265 261 65 271 23 98 91 55 242 
234 144 223 180 30 101 153 283 26 59 180 150 48 77 38 178 271 52 111 74 50 121 291 155 33 43 209 203 234 123 150 38 243 40 72 183 275 46 229 41 134 41 98 5 251 273 143 285 237 185 262 241 103 220 48 153 39 299 234 296 128 165 55 296 272 180 10 297 234 228 35 246 61 293 63 137 12 192 288 182 74 117 161 120 25 32 101 243 295 45 73 133 106 34 185 266 229 31 156 253 
134 219 87 206 133 98 106 201 156 17 148 32 217 146 212 48 129 212 280 296 202 273 35 94 59 146 78 262 170 282 270 60 71 123 192 97 187 30 172 265 176 233 191 228 179 150 200 43 157 53 169 152 138 166 27 168 143 124 162 223 203 209 122 41 105 84 78 120 248 147 9 142 58 164 207 257 89 166 244 28 23 47 144 275 169 61 6 154 14 126 90 249 80 104 85 128 96 13 34 102 
186 94 272 219 192 102 9 299 195 114 241 11 133 126 104 226 137 246 264 100 28 210 6 205 206 251 110 297 4 27 172 235 187 203 58 232 0 243 72 66 89 1 259 209 97 58 5 24 240 61 132 194 137 41 41 46 67 14 151 173 285 79 59 272 21 158 38 194 168 18 22 31 152 89 209 116 153 210 228 53 220 202 54 273 161 87 220 93 64 248 8 23 131 22 56 124 238 98 157 296 
115 197 211 157 174 124 176 271 111 160 281 258 203 116 143 284 21 52 158 224 214 194 282 24 294 15 47 67 141 281 134 174 56 250 52 240 97 39 47 159 206 14 55 209 296 105 191 151 295 240 196 249 51 244 121 134 167 253 203 6 41 217 94 41 213 18 145 169 211 222 59 78 10 221 71 9 290 255 257 143 204 94 293 40 189 46 276 155 264 167 124 236 140 135 237 56 265 281 13 195 
290 45 116 231 27 28 72 119 291 75 14 175 297 95 138 91 91 31 240 299 43 158 299 149 185 255 238 123 60 18 41 198 88 99 197 7 57 157 159 129 222 156 206 207 184 259 142 64 172 53 112 124 218 298 140 169 4 12 110 122 146 215 232 83 43 2 290 269 68 194 23 290 251 280 16 108 15 138 107 146 126 118 1 68 243 59 150 77 9 64 8 114 67 258 251 184 110 180 188 57 
60 0 245 115 66 13 204 61 200 20 22 154 132 119 254 243 296 220 290 16 228 185 29 38 271 204 185 236 121 290 195 159 133 171 233 79 267 8 135 226 285 164 237 131 14 200 260 107 31 227 43 291 169 240 276 207 67 81 179 224 96 35 186 140 283 103 214 218 7 37 285 276 213 231 228 281 84 293 83 66 223 162 218 136 292 45 58 183 197 216 201 106 135 41 210 275 7 200 145 128 
84 28 265 226 192 221 291 40 230 49 190 267 56 14 15 245 238 36 27 40 170 79 110 93 118 118 90 52 235 265 133 70 15 25 64 136 230 134 244 69 228 41 61 139 138 71 189 10 229 232 174 126 195 104 123 230 45 167 191 204 160 239 15 95 229 227 277 15 134 242 170 123 98 193 114 217 249 292 120 278 270 46 131 203 74 264 47 283 296 136 285 6 111 35 282 87 140 119 241 145 
210 284 135 255 280 217 238 85 65 175 282 297 186 70 139 245 285 135 211 223 199 265 151 182 146 230 119 255 9 241 131 256 98 206 31 144 26 77 268 272 194 250 164 7 275 288 10 104 26 97 206 39 266 78 274 233 223 111 198 202 217 117 132 188 232 154 80 230 73 289 42 148 144 286 25 245 59 268 231 274 139 229 77 89 258 250 81 234 233 64 250 196 255 191 0 260 249 45 51 281 
239 256 76 99 287 23 134 205 105 130 99 165 23 53 60 220 217 47 72 209 31 247 63 298 266 26 2 168 185 66 279 130 57 71 255 253 31 101 98 214 64 81 214 128 145 55 214 112 269 251 157 295 107 118 83 263 108 243 75 20 272 107 249 68 12 242 143 17 113 299 135 57 134 282 51 260 175 28 191 2 152 99 250 235 80 174 111 7 288 78 134 37 79 94 12 247 67 233 239 275 
235 99 29 216 98 149 62 4 276 64 232 93 124 114 139 21 38 215 10 110 262 287 64 182 36 25 134 284 169 127 123 223 134 83 153 34 52 182 136 280 248 130 237 245 192 106 289 221 265 108 294 113 234 282 260 231 241 262 11 186 48 126 177 206 179 140 35 148 76 233 73 253 87 292 93 151 239 37 204 16 13 62 171 15 160 27 23 5 56 9 228 25 151 120 91 39 169 61 294 57 
30 241 76 29 121 188 249 193 39 56 295 197 230 218 174 181 240 201 229 103 11 40 293 101 37 118 29 154 3 240 175 21 194 235 58 102 14 291 241 154 275 99 110 101 232 154 127 234 262 45 261 201 201 61 137 207 84 148 0 127 147 139 177 228 192 127 6 68 159 77 164 271 115 122 215 143 36 118 73 94 258 279 276 156 249 286 253 266 283 26 280 179 264 260 161 263 0 217 245 70 
214 261 102 18 143 32 35 115 152 264 84 141 244 47 69 31 85 229 152 227 242 119 156 42 117 37 43 101 43 89 179 200 172 293 32 158 191 59 17 289 293 210 222 84 289 176 112 274 200 7 207 237 17 216 56 90 36 10 26 219 127 150 147 254 58 191 54 116 7 81 39 246 272 150 68 294 103 152 219 205 14 7 246 100 17 125 281 281 80 25 42 215 73 258 265 249 226 112 91 210 
87 203 289 113 231 110 137 35 51 173 140 293 219 223 220 284 292 42 239 246 41 156 81 219 54 259 291 204 166 280 124 294 11 45 296 130 280 254 191 68 46 296 3 285 135 113 273 54 115 279 82 30 15 57 116 55 20 118 218 155 132 127 92 108 40 78 196 214 93 284 186 180 146 297 109 2 150 242 6 265 270 104 229 87 23 210 154 73 45 50 189 183 278 216 156 191 184 168 200 24 
212 35 39 87 233 67 30 15 16 110 43 37 162 236 44 87 155 172 185 23 76 265 9 43 23 49 272 275 236 157 257 136 8 282 254 34 62 24 149 68 254 253 231 151 105 284 168 42 168 166 25 112 248 49 1 39 182 132 179 156 273 114 226 298 221 234 258 192 108 234 123 153 10 46 11 182 33 108 77 7 82 90 51 109 43 183 123 151 241 6 14 23 149 59 140 275 286 271 40 129 
29 50 79 75 169 163 243 166 228 120 290 150 86 138 190 213 28 295 275 172 83 14 268 59 238 32 203 107 41 9 39 242 132 248 222 281 148 86 150 68 20 219 299 219 30 247 236 48 47 5 231 237 20 106 289 76 63 24 162 80 21 167 260 117 137 288 95 295 225 228 172 147 288 27 274 171 32 121 130 271 132 113 204 63 68 64 151 182 59 117 5 256 194 35 191 9 48 181 151 258 
182 277 14 291 95 14 253 209 210 200 78 128 259 278 284 241 139 178 116 46 48 41 125 178 260 71 15 95 17 165 182 81 129 220 268 17 19 141 284 213 214 228 40 66 224 209 267 111 109 202 204 164 65 149 158 198 184 204 204 185 248 154 287 60 212 251 81 268 19 184 124 243 159 84 100 86 135 2 189 53 227 165 28 126 294 280 47 249 28 197 87 14 57 57 138 100 74 96 294 116 
271 211 0 36 56 85 232 258 152 141 93 96 63 94 224 54 235 92 73 6 25 156 220 78 177 33 84 283 291 56 138 61 131 173 218 40 87 287 171 141 216 94 263 79 162 127 215 159 204 131 195 158 72 184 246 106 190 128 45 72 203 63 266 164 275 139 187 281 231 10 3 27 181 17 92 118 65 262 285 186 297 26 110 235 259 152 166 81 61 240 85 4 150 89 158 84 191 238 25 233 
64 114 145 165 120 17 44 210 78 240 176 37 130 65 122 115 83 109 7 120 203 223 70 133 40 241 249 270 183 111 224 175 162 94 32 34 90 291 126 26 39 5 49 146 164 216 10 154 69 199 250 265 178 179 179 118 209 164 131 168 240 257 84 172 69 251 260 242 225 87 219 18 18 101 263 205 145 71 26 218 8 141 203 190 164 0 62 236 261 7 189 221 128 59 275 58 57 285 215 126 
211 241 74 83 121 143 28 269 298 73 200 153 91 189 197 190 19 200 75 1 132 215 263 194 200 188 48 124 35 236 71 13 151 204 256 228 115 184 180 22 0 88 129 214 108 197 253 230 189 42 120 215 226 79 152 289 125 1 89 59 173 212 264 295 92 253 232 205 167 113 248 140 177 230 24 102 14 294 282 297 297 9 198 250 108 154 245 293 249 142 59 105 144 225 115 161 136 17 11 179 
247 252 280 164 135 36 31 132 261 144 21 75 183 6 92 25 244 299 222 262 6 239 61 149 117 54 76 90 298 274 277 57 150 297 119 93 264 97 6 24 37 11 229 77 271 257 187 240 99 279 50 45 11 76 3 151 194 52 82 26 6 256 85 295 44 246 130 291 2 155 114 183 294 130 59 74 96 106 78 167 206 158 93 248 223 56 171 156 145 107 29 237 240 21 135 221 157 133 36 246 
104 240 91 155 148 111 82 270 148 48 167 131 159 272 200 46 192 168 187 47 68 107 239 292 164 107 33 148 285 228 150 179 205 133 48 299 151 24 299 225 231 68 294 294 256 261 15 36 9 120 283 188 165 115 21 82 86 40 56 295 24 5 75 102 159 138 37 84 83 186 166 0 227 35 144 103 156 64 69 12 186 76 32 156 298 293 110 232 66 166 291 163 203 140 140 89 33 75 284 92 
260 109 94 46 5 38 173 243 286 262 187 197 279 84 145 237 133 143 64 188 148 118 132 194 44 15 265 78 43 287 254 182 62 244 88 144 181 288 12 248 72 3 180 8 32 211 212 98 265 98 31 65 20 215 279 46 140 45 289 164 21 104 190 26 34 49 275 68 87 112 230 197 5 3 121 288 101 246 222 180 190 234 120 132 91 131 241 251 284 249 149 276 83 4 270 105 54 246 240 56 
104 193 242 147 241 186 205 145 90 230 245 5 268 26 59 127 247 88 134 87 230 184 232 296 57 256 150 246 200 196 126 108 62 132 265 129 272 107 85 279 255 124 125 240 59 220 135 177 62 167 13 12 68 210 287 78 192 16 259 21 278 131 298 14 107 53 127 191 182 196 69 255 32 11 42 30 55 30 229 106 154 100 175 294 284 86 185 98 146 55 133 15 34 50 248 232 133 128 59 221 
195 47 192 28 110 222 18 62 248 145 140 267 93 103 91 43 200 214 291 90 164 103 215 255 171 91 55 42 50 221 205 124 295 61 111 218 287 112 20 4 226 217 229 107 29 15 6 121 67 160 221 293 107 206 290 213 264 60 291 122 117 11 78 79 35 10 41 106 48 54 250 236 114 238 79 298 264 162 171 27 169 297 54 296 213 297 81 142 19 134 17 46 141 168 70 243 197 265 187 167 
226 276 21 147 162 171 231 280 45 218 247 110 289 1 22 125 176 96 221 36 71 161 121 145 148 110 240 186 166 203 112 69 136 290 84 204 95 145 149 282 240 16 66 161 245 80 86 194 134 11 149 238 24 221 278 284 9 246 261 222 123 73 269 213 141 296 299 223 230 165 156 132 93 240 135 84 184 18 126 154 9 265 78 65 46 133 289 118 180 267 209 147 182 285 238 190 223 213 100 93 
217 97 196 48 168 257 235 127 218 130 49 206 140 40 296 15 173 223 146 131 297 23 2 59 289 295 50 256 141 214 261 17 42 217 107 248 209 261 289 283 95 105 52 156 211 34 62 95 269 213 196 271 48 212 267 144 91 93 66 92 74 191 94 11 20 203 282 207 12 94 258 123 60 299 87 199 257 0 281 126 134 100 11 279 265 55 270 30 263 102 101 41 216 124 92 164 266 1 140 65 
285 17 13 164 155 140 201 160 164 241 92 38 132 16 257 122 168 224 216 151 151 117 96 211 142 109 182 183 194 228 255 287 220 214 63 133 89 24 226 158 167 19 280 109 128 228 151 201 190 211 152 61 30 71 46 66 176 233 2 80 283 204 59 104 125 221 227 34 106 182 91 173 78 276 68 127 16 242 239 271 145 196 135 119 140 196 140 171 258 33 93 251 145 217 9 69 157 193 63 51 
47 288 12 249 197 245 121 154 258 64 289 288 298 10 24 198 289 299 89 213 245 170 109 33 92 295 85 168 86 239 168 181 150 176 260 155 237 10 143 204 280 207 261 0 162 38 124 49 17 54 30 245 139 149 174 141 32 233 90 279 270 187 116 163 21 159 236 226 260 275 145 265 76 283 102 216 199 288 10 68 192 71 223 245 229 141 188 272 41 197 89 178 175 21 155 81 30 248 160 19 
111 32 215 135 36 244 20 7 55 148 99 27 22 63 83 55 283 225 289 97 227 21 229 31 155 73 104 132 215 225 210 256 150 188 179 28 218 177 280 173 188 266 51 247 139 14 119 43 122 240 260 232 62 278 291 4 12 299 92 22 111 276 25 187 122 145 70 132 245 171 70 242 8 69 161 191 115 180 62 39 176 143 187 273 86 243 138 53 28 238 187 106 186 154 263 24 149 17 99 49 
236 286 133 203 174 178 270 199 115 81 1 37 263 278 31 229 272 162 195 32 138 119 232 245 271 19 209 205 273 173 112 125 249 254 42 40 158 197 157 192 73 176 283 121 181 273 195 83 186 113 246 123 222 190 243 117 68 31 170 132 217 4 265 283 235 39 120 263 83 214 143 133 286 298 209 41 112 280 55 231 234 149 226 133 76 51 245 41 208 22 279 33 152 288 55 192 14 177 52 182 
87 9 187 99 87 143 143 39 151 198 129 282 182 158 31 3 80 222 202 82 87 191 259 198 32 251 254 67 134 207 13 28 125 242 26 276 270 115 0 187 9 220 39 255 132 164 51 228 230 274 85 115 101 43 123 113 228 110 169 32 247 38 236 234 233 132 168 298 233 85 188 115 216 286 17 214 214 27 60 4 2 4 107 196 147 186 74 89 292 101 56 23 202 82 109 54 63 148 228 140 
235 63 245 53 247 192 4 36 62 42 258 119 124 88 187 57 15 96 141 271 223 112 5 89 245 55 43 11 248 246 62 259 104 27 88 156 94 54 275 172 239 178 274 90 136 62 254 143 34 53 176 226 239 118 149 89 57 40 111 250 38 102 204 186 231 190 268 73 265 7 256 122 209 171 187 260 230 110 108 109 128 172 86 118 8 49 131 159 250 27 140 249 198 11 155 1 142 40 255 182 
284 4 168 262 232 261 38 137 79 271 88 187 22 175 107 107 40 151 61 152 37 274 15 175 277 223 98 225 292 129 109 126 123 222 149 181 135 156 223 222 5 103 146 258 70 216 29 214 0 93 263 291 92 6 111 260 269 240 247 192 173 80 151 2 202 186 207 178 80 135 265 110 278 120 204 245 198 56 198 86 136 95 266 284 61 123 261 133 156 215 198 49 237 91 225 208 94 47 58 298 
259 15 73 225 220 151 91 280 156 54 186 36 40 232 138 280 82 257 189 181 64 60 184 253 272 56 230 235 117 136 256 96 294 48 250 252 165 15 114 280 166 12 222 30 25 98 90 74 97 79 274 52 203 198 213 138 31 76 123 35 4 108 168 72 210 22 257 6 99 18 146 232 247 164 193 74 181 271 207 38 213 162 256 291 299 215 232 19 32 154 51 21 208 36 296 6 295 229 141 159 
120 250 278 140 83 215 276 292 218 288 144 125 134 219 97 5 94 41 265 52 92 132 123 204 127 148 21 187 106 196 211 84 47 88 32 285 57 5 171 174 126 33 70 262 264 191 14 58 279 133 210 42 128 216 66 184 211 256 26 18 225 189 299 144 176 196 276 225 219 82 69 138 211 214 120 25 206 65 54 82 290 231 133 68 222 55 101 294 223 260 103 11 41 142 292 31 187 58 183 31 
116 190 287 296 295 222 111 98 62 192 15 198 119 95 14 158 219 197 272 261 74 11 190 191 107 292 203 33 43 146 269 16 296 248 296 154 216 139 263 146 100 227 121 125 2 104 170 249 36 262 214 205 30 118 188 161 269 247 235 299 158 79 21 242 71 109 61 214 161 227 67 176 86 263 189 44 23 60 160 88 84 238 83 243 66 37 52 33 13 282 117 140 124 70 136 212 54 265 201 207 
30 75 196 9 285 296 23 294 86 13 18 135 138 16 65 49 142 116 0 236 286 115 164 161 183 216 282 74 219 8 261 258 75 286 89 175 229 158 54 11 175 172 149 199 144 226 165 266 66 219 260 205 36 224 53 293 196 30 37 293 111 170 277 118 96 54 163 53 14 49 102 127 190 260 235 159 9 198 14 191 298 297 5 88 274 66 47 0 267 183 152 204 70 14 108 135 109 21 9 192 
137 140 45 99 112 227 196 211 177 68 166 22 110 23 79 213 14 229 139 270 157 230 153 292 141 113 203 285 278 89 224 30 224 208 16 182 271 67 95 227 252 206 265 278 258 154 65 217 99 72 241 56 168 114 137 19 58 72 69 105 83 272 280 274 237 261 210 124 16 70 33 192 142 255 148 248 146 167 88 283 205 225 224 201 289 128 43 191 231 64 103 162 120 142 256 80 166 115 41 202 
208 270 22 269 183 90 143 74 62 261 47 40 176 154 17 181 57 256 119 60 294 104 196 81 233 125 36 149 105 254 17 87 25 28 245 231 47 92 197 34 75 187 83 59 216 92 203 97 123 66 187 188 53 175 257 216 19 295 18 91 244 97 35 143 93 87 90 97 270 245 218 128 3 180 44 192 70 215 127 112 222 277 5 149 175 192 126 185 216 286 263 97 5 102 183 267 23 13 127 95 
152 69 8 118 279 265 181 131 72 127 20 86 240 199 145 130 296 180 26 132 186 212 218 0 11 95 140 214 271 56 57 101 130 119 185 66 120 118 290 21 195 275 75 204 72 58 248 228 247 95 209 263 267 210 260 282 114 205 175 200 144 53 30 36 166 25 129 124 225 103 109 77 144 208 8 180 170 35 30 118 30 165 153 212 117 203 84 130 102 231 147 206 232 296 230 163 229 13 13 206 
173 236 211 95 253 74 286 125 261 29 250 120 208 289 151 275 207 137 248 249 259 179 109 234 274 293 221 258 116 216 160 90 62 252 283 52 224 197 110 208 59 30 204 298 245 233 230 6 24 70 24 118 137 51 101 191 90 143 134 142 22 138 92 11 203 208 178 199 223 165 195 163 295 277 98 297 237 235 235 295 106 219 58 161 152 124 286 70 248 227 13 46 242 182 282 38 223 180 131 68 
152 274 222 17 9 61 277 104 13 236 237 185 4 288 167 150 220 210 256 97 236 250 75 82 138 126 296 30 200 128 80 0 106 151 90 123 230 31 296 284 31 244 30 285 86 165 210 66 153 25 56 123 18 233 176 271 137 180 258 75 193 4 69 282 116 133 192 199 32 51 13 216 252 75 66 298 268 57 20 0 68 185 290 228 115 155 179 144 30 25 115 258 274 39 287 114 248 188 75 223 
72 140 196 88 68 76 23 88 82 194 72 224 275 213 185 257 253 175 189 149 11 281 172 221 35 158 194 105 161 256 80 235 158 272 122 132 104 268 230 47 244 290 244 155 219 166 294 213 117 76 85 206 167 68 257 275 49 34 157 141 283 113 139 201 111 137 71 229 46 207 81 196 282 246 260 84 45 72 24 193 4 127 152 184 222 209 21 285 202 160 185 293 174 270 103 251 169 48 98 2 
188 185 88 18 144 50 181 19 159 163 176 55 124 84 218 294 164 233 208 213 299 19 293 234 258 245 85 45 218 37 104 251 213 98 191 154 91 241 211 109 239 3 174 25 239 187 282 29 13 36 52 286 292 146 206 122 295 288 252 29 28 88 256 157 176 46 85 10 65 249 125 81 224 299 97 282 160 232 52 55 190 154 10 20 282 224 188 224 173 255 201 89 217 272 267 142 263 60 122 220 
227 120 8 143 153 289 218 239 78 198 9 187 177 87 165 264 187 230 6 252 17 72 212 297 252 15 20 77 225 49 179 212 286 87 251 112 100 283 264 67 35 155 245 182 227 111 186 293 241 256 8 263 77 166 292 255 281 27 212 75 78 153 92 172 164 170 219 51 100 62 88 166 54 189 219 242 189 133 240 75 222 250 280 124 10 36 273 97 135 237 239 230 237 116 284 54 235 109 19 0 
289 73 101 101 75 273 136 118 77 102 177 11 264 276 79 251 201 247 44 114 164 197 144 9 184 253 104 202 254 195 96 111 71 206 36 59 254 2 275 166 241 198 41 60 46 21 176 165 0 107 285 227 195 10 240 29 2 282 59 190 124 278 206 281 178 279 184 224 159 58 285 91 91 41 69 274 295 258 240 205 293 220 163 119 40 266 82 49 0 189 210 220 199 20 140 53 78 154 294 12 
78 103 94 76 41 287 185 237 157 279 90 183 195 165 75 166 259 275 67 173 24 31 180 255 282 142 203 80 103 124 6 296 11 26 33 145 69 159 272 294 259 296 12 160 53 288 104 72 265 66 162 85 119 136 46 120 189 47 202 293 18 256 215 279 78 267 75 106 217 122 203 49 41 241 2 103 249 139 91 274 12 123 248 278 225 299 144 234 88 129 22 0 285 217 74 158 43 250 35 276 
296 272 41 136 195 65 65 64 62 239 136 263 177 214 172 291 287 222 197 45 227 266 250 189 133 246 262 123 90 223 66 115 178 145 43 249 129 41 145 168 4 276 162 263 248 194 295 240 211 39 258 61 238 156 187 161 91 217 248 64 116 249 299 93 271 177 17 279 163 26 125 253 87 209 81 59 66 172 249 122 102 91 66 187 133 249 137 91 117 40 155 29 299 181 235 32 115 243 2 210 
137 97 198 70 151 136 66 30 217 112 205 44 1 186 86 254 277 117 43 35 41 63 68 60 137 191 117 259 114 289 122 23 272 153 195 144 40 55 45 116 239 26 112 254 211 36 5 91 212 50 293 26 117 104 127 295 240 171 62 247 104 25 162 89 34 245 25 149 162 267 1 186 182 218 21 185 235 224 236 148 299 26 181 111 171 250 227 102 102 265 30 82 89 104 262 81 76 240 232 236 
289 212 179 103 16 208 197 76 143 68 182 247 283 143 40 42 126 124 292 71 166 36 16 294 105 45 221 225 67 299 139 233 62 298 279 259 292 135 39 47 102 190 136 96 286 215 245 91 102 251 167 28 287 105 161 91 17 106 128 215 53 262 6 13 283 168 56 75 6 296 224 127 12 247 118 201 118 147 177 235 154 63 120 256 75 172 176 59 59 77 195 39 136 29 171 63 289 272 194 30 
141 271 4 126 104 235 299 264 265 94 295 234 168 124 146 68 185 65 218 96 297 24 293 75 195 80 7 43 185 128 30 0 263 260 166 299 112 149 280 212 1 2 25 218 263 205 94 135 289 192 110 46 293 77 214 169 25 218 101 298 37 21 128 89 15 251 143 107 31 27 248 38 81 229 139 173 291 11 140 225 207 149 257 27 13 272 11 256 240 268 74 111 179 110 207 166 293 47 206 96 
26 203 120 125 140 228 15 154 233 119 215 170 275 287 35 273 215 183 160 105 167 102 93 214 209 257 276 54 41 45 268 253 223 86 32 253 264 167 138 165 139 39 7 59 145 175 123 160 97 184 292 175 182 252 28 48 129 156 138 10 219 157 248 10 115 52 243 131 220 234 66 23 122 251 298 179 285 137 145 142 86 121 232 254 277 166 59 36 66 9 118 217 136 15 75 112 30 80 73 226 
292 104 167 283 230 145 189 11 112 81 103 121 138 40 91 126 128 143 75 6 84 150 64 187 214 171 81 214 261 288 31 6 12 239 81 86 176 239 42 230 88 2 262 40 144 194 242 104 23 40 0 239 279 287 83 124 262 132 209 85 162 162 285 259 28 53 287 46 70 59 177 172 130 286 205 24 98 2 281 59 2 266 37 186 43 130 203 297 101 56 139 299 158 23 90 10 236 115 141 225 
221 163 2 69 235 163 282 104 119 126 159 228 253 46 127 215 272 258 249 69 201 21 296 182 38 299 95 38 217 45 140 127 42 252 248 150 13 58 253 260 31 256 184 38 280 63 53 70 122 118 129 164 284 292 76 70 289 218 103 287 297 150 284 34 272 257 39 66 194 279 187 216 87 289 93 181 268 184 4 208 117 31 146 199 216 20 150 273 230 111 111 30 121 160 252 44 18 84 124 201 
220 253 24 109 105 229 142 241 219 228 12 160 117 17 61 289 219 179 163 85 115 216 7 198 14 285 61 228 86 139 175 199 285 262 11 50 170 176 246 167 150 36 212 74 274 135 290 42 224 191 67 205 227 235 198 220 118 294 266 239 83 163 151 233 128 140 172 264 234 37 10 134 62 136 284 239 213 147 172 127 214 33 53 82 50 9 152 118 59 139 204 236 277 140 41 171 141 140 269 21 
214 22 198 178 34 40 82 58 216 151 139 142 187 137 89 175 232 86 63 10 139 228 10 163 40 82 52 107 263 138 39 3 56 145 128 264 265 180 227 276 273 180 80 82 190 287 248 20 156 277 244 7 184 252 265 105 72 244 53 231 148 126 161 34 42 219 79 119 1 11 58 83 266 74 7 96 187 151 146 233 169 68 102 150 29 293 125 256 41 148 35 194 235 183 117 252 18 0 53 95 
37 102 212 217 113 205 191 238 154 288 170 139 248 45 198 242 162 13 281 163 247 252 279 177 76 111 67 107 98 7 207 76 184 249 140 25 264 17 225 283 187 40 49 209 106 265 23 43 182 133 70 107 190 185 193 286 40 96 112 59 56 134 124 107 36 296 196 100 33 289 260 236 94 169 254 128 155 224 87 182 43 124 35 90 98 79 4 260 109 143 224 10 206 107 277 91 0 243 8 245 
167 274 205 95 36 259 94 86 35 181 290 274 212 80 157 19 272 269 201 292 184 180 82 114 155 227 197 65 236 137 181 8 14 56 92 226 19 12 221 226 223 206 126 203 269 111 27 282 238 193 59 44 13 182 43 62 211 126 5 88 16 155 59 250 249 59 76 49 64 19 26 129 25 201 244 177 146 215 10 180 157 225 83 235 297 118 34 163 114 144 80 216 97 86 125 74 286 175 205 15 
80 251 273 25 282 71 86 33 224 10 110 188 58 142 96 13 110 141 60 100 4 88 123 201 181 239 272 264 100 267 217 136 53 73 72 253 299 292 48 270 265 200 106 294 231 60 115 23 54 285 161 201 285 67 162 24 257 49 99 148 68 200 105 52 53 165 132 65 147 44 254 48 46 243 250 67 238 162 48 100 167 279 56 74 193 298 212 56 161 31 279 231 228 110 292 67 266 231 44 189 
161 74 79 188 295 49 271 18 66 102 90 280 215 198 101 204 100 27 250 269 178 188 60 64 189 37 215 278 226 22 234 34 179 136 195 141 89 16 1 35 170 34 97 188 136 208 129 54 207 110 171 292 206 177 293 144 55 253 245 109 184 116 170 20 68 184 295 283 150 26 16 187 276 155 215 15 224 27 212 100 212 205 132 116 131 110 10 41 166 238 136 246 239 71 297 241 260 175 31 155 
56 216 162 120 3 293 245 209 18 24 197 127 284 102 112 29 215 283 13 109 23 139 272 203 205 136 262 143 155 36 10 56 294 209 298 225 135 248 50 218 242 191 269 234 120 98 216 112 176 44 275 144 96 241 58 291 81 142 227 209 85 269 297 50 135 183 286 235 260 255 144 279 200 172 292 129 86 25 4 208 273 164 115 120 155 132 222 247 111 147 17 40 278 104 83 226 201 264 162 68 
162 20 35 63 12 94 97 233 176 55 59 253 53 264 190 291 230 68 251 102 291 254 274 111 66 247 145 203 263 137 40 11 189 253 256 99 14 10 28 245 220 156 258 84 278 120 67 53 223 276 222 184 97 190 78 110 177 104 290 61 105 38 201 205 257 31 263 10 226 89 2 141 180 239 232 256 55 196 148 248 65 222 170 81 25 236 113 69 103 51 111 41 94 19 39 260 82 270 235 16 
80 121 107 10 115 149 174 161 180 172 13 198 20 36 52 210 148 256 74 133 104 70 128 77 80 191 290 38 109 153 108 265 28 178 274 119 117 166 127 115 57 183 151 234 83 123 152 82 56 37 293 25 173 276 180 104 98 116 90 179 252 106 80 98 235 162 76 112 77 10 232 131 178 18 254 133 284 123 209 38 90 153 115 277 32 156 204 279 293 108 122 193 121 115 264 186 179 183 156 46 
85 1 248 80 215 86 89 82 150 43 251 276 139 226 120 102 107 99 55 256 163 0 274 278 158 277 207 93 294 46 35 19 232 131 264 199 288 144 33 149 73 165 104 94 73 269 131 255 184 165 82 282 53 148 7 6 9 156 39 280 122 271 4 246 138 91 288 214 38 111 33 242 13 3 273 284 214 14 145 172 85 114 88 69 59 259 193 191 180 51 84 2 161 102 200 216 192 214 287 152 
247 18 182 286 194 42 233 160 196 181 233 166 96 113 70 90 290 295 239 263 13 168 123 39 85 31 127 67 144 0 218 98 116 52 8 248 273 206 206 72 37 37 272 60 103 263 147 8 72 166 230 62 79 245 128 172 20 241 236 74 79 285 296 98 166 122 82 73 4 51 76 295 171 44 49 90 157 37 196 219 83 9 25 70 149 159 126 272 209 298 48 133 249 76 194 95 27 252 16 251 
144 140 152 298 80 176 289 5 42 9 53 12 109 8 189 53 97 290 38 71 7 124 126 145 271 183 7 57 81 158 196 216 78 71 129 280 263 198 292 195 38 155 73 238 292 39 93 282 290 22 139 34 188 292 75 25 91 184 24 153 227 272 247 84 24 242 33 165 100 262 265 131 197 125 273 109 154 25 18 146 64 239 66 115 7 261 270 197 59 96 153 137 8 145 272 177 236 262 105 242 
