87 103 56 194 195 69 192 34 65 48 20 72 219 64 207 201 0 249 264 202 185 139 97 268 222 18 240 197 96 134 19 57 268 11 287 78 148 208 27 144 212 138 122 68 291 122 77 237 87 150 149 19 119 232 12 59 80 15 38 228 154 204 267 125 139 264 220 186 232 67 98 171 31 116 97 90 109 109 216 265 104 221 24 108 168 37 152 156 74 184 252 260 293 118 101 215 108 223 191 202 
259 135 84 240 238 285 284 167 239 225 89 252 268 234 230 142 43 180 86 162 12 89 210 263 156 262 27 261 35 72 245 19 5 279 185 237 33 139 268 110 42 1 280 230 245 213 146 272 254 294 113 114 54 213 285 152 293 118 80 190 93 247 297 144 111 265 194 9 100 88 104 239 150 279 268 160 16 174 60 190 276 147 187 3 72 297 285 24 15 178 114 158 204 235 108 26 251 163 163 265 
235 266 225 155 124 97 122 25 213 112 270 136 81 174 20 21 290 266 229 46 166 268 246 18 209 213 210 27 299 243 63 11 286 87 35 265 290 268 265 10 117 180 42 95 41 253 281 152 276 293 10 102 122 250 75 149 29 9 174 53 225 150 127 142 249 91 145 93 274 172 250 89 122 18 220 162 28 26 30 77 86 181 291 120 191 58 33 55 166 139 181 92 35 127 274 254 268 268 275 272 
167 293 81 168 174 50 21 246 14 174 182 167 157 145 13 73 249 58 106 109 74 103 118 134 199 92 153 268 172 296 154 181 160 118 157 146 64 188 237 230 167 13 114 26 171 188 292 44 68 223 168 38 252 157 114 93 119 163 164 99 99 205 146 8 275 36 199 84 3 227 99 110 156 31 89 19 97 35 179 230 121 128 219 234 51 140 4 184 194 161 202 27 79 245 62 122 235 175 118 105 
81 120 280 130 47 184 196 69 284 262 2 269 146 19 16 118 105 213 97 272 228 110 151 57 150 185 215 102 260 131 251 57 41 139 191 7 173 31 182 164 231 33 166 147 244 42 243 237 293 92 109 100 17 6 253 256 202 16 161 172 70 4 157 289 35 72 221 208 67 169 84 85 49 196 47 96 288 250 3 167 15 277 131 152 193 281 37 252 174 80 131 0 249 262 121 272 239 231 29 73 
259 130 62 207 272 254 160 118 276 95 24 12 115 20 196 96 220 98 198 38 153 107 229 267 117 144 250 74 269 212 252 159 47 250 99 70 11 264 130 71 78 269 96 105 221 228 139 41 126 298 10 297 241 246 64 32 254 227 109 291 65 298 130 261 257 101 139 139 257 234 121 19 125 100 60 105 245 194 241 206 175 221 113 141 193 65 56 64 44 255 122 248 43 126 14 259 19 58 116 273 
256 28 140 0 280 115 119 269 179 266 121 160 159 243 236 15 173 188 264 245 267 244 168 232 71 184 224 174 60 266 83 96 299 158 231 4 45 283 63 179 299 8 8 45 38 44 162 85 1 155 21 233 139 278 116 256 165 216 229 136 36 241 223 224 62 295 215 130 179 40 40 46 130 40 234 284 37 107 169 217 273 261 235 68 137 112 161 162 26 217 297 228 275 99 6 2 201 92 220 87 
178 226 227 111 242 33 74 110 14 18 54 271 273 87 117 297 71 171 256 120 32 137 8 203 264 64 160 37 21 26 13 130 102 17 284 140 60 281 244 237 191 67 44 198 61 269 223 80 87 115 108 130 248 10 12 95 193 223 106 130 76 154 135 191 247 224 266 96 221 262 201 84 190 247 116 150 253 127 218 257 59 176 150 282 219 125 72 251 254 106 152 143 171 95 137 82 69 132 286 103 
211 173 241 123 133 85 213 99 210 269 34 145 197 286 174 134 139 190 186 28 29 43 265 34 26 180 140 192 92 157 143 214 200 133 67 230 238 215 193 122 106 54 18 70 207 184 259 234 286 232 130 160 239 135 237 123 274 64 176 120 108 223 34 40 271 80 292 134 159 203 244 182 170 131 51 175 295 76 9 224 251 1 86 161 136 249 82 288 233 52 216 15 105 186 238 225 259 172 268 167 
247 190 11 7 43 132 60 41 0 204 121 114 209 95 7 23 136 295 206 107 69 140 36 163 172 9 232 237 246 86 254 143 286 16 26 222 247 77 242 266 26 49 215 235 118 71 92 81 292 247 37 148 296 72 157 202 59 258 12 209 63 118 14 156 256 25 248 274 24 74 36 57 141 194 199 16 217 201 242 251 182 287 96 209 80 184 139 44 56 131 269 132 126 188 193 273 73 233 26 111 
29 114 23 167 49 257 7 80 226 13 4 57 224 60 194 184 0 191 81 79 277 1 279 227 195 264 203 47 217 123 31 6 97 211 191 191 250 28 98 79 285 186 60 104 60 157 200 193 183 170 24 145 176 8 248 245 82 237 131 232 68 148 228 294 118 163 31 137 144 200 54 193 110 154 270 275 172 129 38 186 143 177 16 190 299 195 201 126 115 49 142 171 170 268 36 39 291 23 216 261 
295 33 211 163 273 103 135 294 103 3 123 73 71 192 180 136 164 76 157 78 238 230 39 9 267 7 36 197 36 94 117 292 3 27 171 24 22 38 159 269 96 109 164 261 75 147 76 157 150 101 158 266 175 228 263 144 135 129 60 289 217 6 287 41 265 150 215 41 226 255 225 149 61 241 156 215 15 293 77 32 137 191 168 153 167 249 102 211 251 33 103 130 86 265 181 60 7 205 57 172 
263 61 186 61 5 4 220 130 63 236 59 90 37 34 112 128 136 80 11 230 221 225 246 161 271 241 232 18 58 269 65 104 234 94 269 246 36 201 204 62 75 266 205 102 26 189 202 273 223 128 290 62 151 7 296 53 88 180 75 22 215 118 199 86 20 136 247 19 226 274 107 131 55 28 244 116 148 154 9 70 281 290 213 46 11 223 186 238 65 22 160 196 32 32 106 260 179 292 228 212 
79 165 189 182 60 85 171 60 179 159 62 59 280 182 257 266 243 219 135 108 47 193 68 41 271 31 294 133 125 154 95 229 167 255 4 122 20 123 195 275 91 41 112 174 206 204 13 155 213 278 24 20 228 167 129 232 155 66 128 1 16 233 40 91 290 296 221 87 124 144 96 176 160 4 36 213 94 175 206 184 127 83 156 189 150 178 243 261 72 295 228 60 298 27 60 93 253 40 43 74 
273 105 193 260 258 224 201 267 59 141 75 105 16 123 157 227 139 272 17 129 277 244 273 299 226 222 63 112 54 42 87 74 213 118 50 234 222 112 296 289 203 192 158 218 148 190 44 207 101 54 268 247 160 110 0 170 8 219 292 298 94 232 104 75 46 111 168 14 54 49 105 62 173 277 75 296 155 144 59 128 58 47 184 7 204 292 168 47 0 10 4 85 138 4 128 226 251 168 291 64 
159 20 163 226 65 64 15 195 137 185 34 286 252 61 228 277 297 292 94 276 105 207 59 13 48 23 87 234 23 24 34 61 170 279 203 286 259 236 10 277 254 144 292 6 102 58 204 6 87 84 185 120 213 269 55 104 158 25 266 171 276 268 290 188 22 182 108 108 151 271 31 120 138 126 14 271 75 255 157 149 194 41 142 12 60 17 39 156 26 17 241 38 105 144 23 277 214 191 23 119 
117 59 291 11 217 139 168 29 161 152 139 247 30 111 253 174 196 152 157 281 282 173 175 225 50 212 4 136 176 136 283 40 217 181 42 50 51 27 17 120 291 73 73 143 212 242 29 161 190 96 34 197 153 239 29 291 239 56 45 286 75 82 13 289 127 269 178 14 132 2 245 249 217 226 96 133 186 150 211 118 290 193 133 174 263 128 146 17 212 43 35 227 2 269 28 77 203 42 202 226 
221 179 229 279 3 238 80 53 129 26 122 123 196 5 259 155 204 160 299 17 25 195 34 33 259 133 69 208 186 74 220 19 272 47 69 3 65 58 203 288 222 91 151 43 289 214 291 197 132 55 16 162 86 86 41 262 101 118 232 119 98 55 281 103 111 294 220 40 299 254 124 161 7 209 5 178 31 121 214 167 71 104 216 89 215 145 201 109 124 271 204 5 209 230 208 104 56 12 199 106 
218 146 37 280 194 244 49 89 236 151 87 277 241 68 143 124 148 83 161 123 220 206 30 222 73 99 298 289 133 65 109 145 216 110 11 262 89 128 143 163 62 241 47 251 130 143 162 61 274 138 178 22 246 9 245 291 228 246 22 71 192 117 247 194 170 105 189 66 2 64 298 48 291 122 266 90 90 265 133 84 91 128 216 144 224 1 10 191 20 142 157 241 119 35 65 188 173 44 56 268 
204 230 254 57 78 140 91 109 41 2 135 207 284 262 246 133 211 241 108 62 187 45 190 67 33 260 106 19 67 63 3 84 235 64 205 61 130 133 147 164 32 94 209 172 186 264 44 44 295 191 44 109 44 65 178 130 182 32 138 12 242 46 295 43 62 15 204 228 241 283 29 128 113 284 151 15 80 82 199 181 229 249 86 163 255 267 157 57 150 63 287 282 4 101 71 20 259 231 162 218 
282 167 242 12 165 85 180 134 261 216 203 156 299 148 121 216 200 67 266 216 85 0 266 177 243 287 212 168 25 299 245 124 41 144 193 77 237 181 272 191 43 217 87 226 23 260 94 188 143 236 285 255 99 161 150 202 262 250 38 82 296 176 145 129 190 296 171 93 107 288 64 237 289 26 96 62 51 193 276 64 128 164 4 3 240 164 269 160 181 88 8 70 105 119 75 46 213 121 200 274 
189 298 148 157 74 67 74 144 33 154 260 219 183 293 252 95 84 270 207 179 267 222 127 20 82 190 111 50 178 40 79 83 94 34 39 294 260 88 212 164 16 161 197 58 184 120 32 216 111 71 245 219 174 287 202 97 60 153 180 109 205 57 80 25 229 57 210 252 122 185 138 227 215 228 296 248 155 129 286 24 262 263 51 265 233 213 50 276 203 46 102 255 126 100 253 47 40 135 192 68 
52 77 157 181 76 208 56 117 172 20 234 261 111 245 84 132 160 42 94 46 272 39 191 13 290 281 283 45 134 200 106 32 154 270 145 284 178 225 166 121 92 84 33 75 167 154 192 29 255 140 99 137 261 6 213 170 59 131 169 192 183 224 264 39 120 154 121 242 97 239 142 45 285 294 215 129 71 30 185 227 163 57 68 127 132 225 60 174 283 103 145 238 27 82 269 70 187 206 74 6 
245 209 251 200 73 15 187 94 25 281 292 122 178 129 151 140 175 8 49 2 88 69 251 214 70 116 177 39 41 225 39 269 194 204 190 62 26 292 62 125 103 155 136 210 281 18 229 206 252 209 19 225 88 153 276 25 284 8 277 221 119 129 89 169 188 60 10 32 130 96 27 47 40 263 127 112 232 30 264 239 49 247 3 75 73 267 208 157 237 275 273 16 38 152 72 93 0 213 188 273 
51 214 211 6 271 195 37 111 240 99 224 194 160 45 253 281 121 42 246 73 266 137 264 89 200 87 239 166 100 239 191 209 43 185 81 218 298 69 159 51 195 107 16 140 104 128 284 298 291 127 94 181 69 81 39 199 287 278 86 98 93 81 76 228 1 238 14 13 88 278 77 5 139 123 89 256 101 296 229 110 286 263 202 102 47 104 177 198 97 285 250 172 52 25 91 211 77 21 94 269 
105 82 30 272 163 2 299 98 239 145 83 162 0 3 220 99 265 135 183 3 44 28 107 184 243 217 7 102 231 34 44 269 217 280 55 84 2 58 209 3 270 46 295 292 168 262 244 180 53 4 149 289 59 6 240 111 136 14 21 235 79 197 61 282 284 106 203 130 114 117 155 49 210 5 209 39 78 267 175 70 209 47 194 92 153 276 206 204 129 272 152 112 81 149 184 182 170 30 91 261 
66 96 18 199 243 64 288 296 134 233 220 96 128 138 127 12 120 82 5 227 124 86 177 224 13 83 94 124 71 293 154 189 10 163 246 18 217 200 220 89 220 233 133 138 69 51 247 46 103 52 272 57 51 217 131 295 71 115 174 273 79 71 53 58 149 274 134 156 148 196 254 169 137 155 299 217 94 232 243 146 162 234 123 144 108 102 39 74 95 41 53 175 155 243 76 37 265 37 147 172 
17 138 26 152 35 43 52 232 62 195 62 230 137 95 143 59 58 75 184 40 209 181 198 17 57 95 130 289 257 47 292 270 298 12 263 279 11 56 28 195 97 193 77 176 152 93 228 107 161 77 104 98 154 42 118 167 274 177 248 75 106 253 150 167 40 12 250 253 282 280 106 162 123 109 115 291 111 34 9 178 81 115 96 282 184 14 161 70 99 114 121 246 210 255 277 290 220 28 130 6 
242 81 39 234 96 73 61 7 38 279 231 271 74 103 150 122 172 243 218 249 218 130 30 286 246 41 132 75 44 61 36 67 172 48 119 22 236 143 127 225 270 75 241 131 168 291 174 110 3 162 150 72 153 121 146 71 78 151 56 175 158 42 224 87 65 257 181 219 263 216 212 232 89 192 296 280 219 128 239 228 280 286 96 152 123 186 166 6 115 80 220 85 65 245 9 150 32 67 165 224 
133 92 273 281 100 148 128 253 19 206 38 158 186 89 233 80 215 127 74 258 215 41 13 109 172 40 128 201 264 196 89 285 94 143 225 86 20 16 172 127 89 148 287 108 91 193 49 92 279 82 249 187 156 102 290 132 185 272 76 179 271 274 70 94 167 72 41 289 147 92 108 260 215 84 25 48 142 180 199 100 98 192 23 50 92 147 116 284 275 53 74 116 76 158 142 220 198 293 184 94 
31 188 21 219 54 276 52 276 171 208 119 265 156 269 257 98 233 52 266 240 278 267 29 109 219 188 73 278 136 248 139 63 34 136 71 284 223 293 189 183 157 197 182 190 165 192 231 7 129 108 285 149 62 65 178 181 52 124 75 92 98 22 18 158 138 155 125 16 140 139 284 126 66 185 4 56 209 115 84 254 190 29 93 45 127 5 144 216 15 45 299 35 94 67 56 34 170 186 156 246 
23 22 36 252 173 226 272 290 64 256 81 205 31 213 53 167 241 177 44 94 260 53 169 154 6 138 178 272 174 53 280 158 187 218 210 37 275 98 115 28 110 140 242 59 124 45 198 36 136 210 214 224 255 266 86 77 209 293 199 83 178 104 184 45 147 74 153 221 246 31 168 154 23 27 110 5 217 264 171 250 177 4 253 273 284 157 158 241 279 162 292 271 222 135 232 174 285 207 210 137 
111 5 12 97 248 12 89 97 246 296 89 51 158 58 146 274 247 186 296 265 27 142 56 272 166 97 293 229 180 169 45 80 178 226 95 160 223 165 136 150 159 19 7 195 44 14 272 117 261 232 257 73 227 1 144 79 182 32 79 170 208 220 181 206 72 249 176 227 225 184 3 5 120 31 58 144 296 42 32 224 288 293 200 41 86 11 35 251 126 162 73 234 217 48 298 0 163 113 119 227 
195 246 29 164 209 182 13 212 40 55 217 43 209 287 198 86 276 279 98 37 70 64 236 72 47 184 201 73 72 15 165 267 267 91 147 230 122 44 117 155 102 33 12 148 285 87 291 235 1 15 293 16 166 69 263 145 74 261 50 65 4 239 194 131 283 99 208 260 71 275 90 235 40 227 225 281 62 185 198 165 133 33 35 96 19 163 131 124 106 48 100 281 78 149 161 16 210 117 161 244 
117 185 191 202 212 59 83 206 166 124 207 58 9 18 201 113 211 48 152 93 283 182 24 148 125 136 59 161 251 199 242 97 234 104 89 176 241 283 42 49 140 70 287 281 127 21 154 132 111 49 181 248 245 106 258 126 167 206 24 154 208 299 142 263 16 50 223 291 246 128 247 168 276 273 142 271 24 0 51 76 136 74 110 230 129 63 257 168 99 53 199 92 280 142 182 51 101 24 210 129 
285 254 270 246 277 38 151 250 265 181 103 165 249 255 112 90 237 36 269 221 4 226 232 182 99 187 233 224 147 249 274 145 241 297 203 196 37 53 267 249 148 261 115 16 165 240 95 156 7 242 67 161 280 257 216 144 65 36 263 14 24 71 74 8 234 124 260 89 59 166 53 44 138 72 247 236 146 132 42 105 105 269 215 92 38 133 115 178 174 119 162 110 190 284 150 233 48 109 20 61 
231 68 242 288 200 182 250 65 39 288 110 256 33 141 296 115 242 96 132 93 154 10 240 130 144 137 179 44 167 226 245 108 221 180 278 148 193 231 232 199 3 116 299 5 289 249 223 121 0 36 16 176 201 247 237 157 174 98 213 277 72 220 159 223 281 71 8 200 212 226 195 103 116 244 180 61 139 195 263 67 41 234 150 296 243 7 114 60 212 191 11 81 77 175 108 189 279 63 189 164 
251 81 192 28 137 256 97 247 214 41 141 136 271 90 163 159 105 169 255 281 10 24 174 215 163 174 229 223 0 64 220 9 169 210 106 195 138 151 7 91 142 192 73 4 215 155 223 23 145 19 171 247 232 124 205 283 42 207 216 263 138 72 138 47 90 129 75 179 79 87 134 173 19 56 30 79 213 103 137 256 88 175 58 119 94 140 189 2 127 96 21 152 78 101 54 196 238 228 91 220 
96 102 81 178 273 104 244 30 154 224 254 68 291 126 278 283 92 272 246 31 124 170 20 215 49 189 21 162 269 198 243 254 214 93 157 9 28 222 104 216 276 299 97 217 240 164 208 21 38 276 271 242 47 293 44 82 29 186 166 88 103 98 239 78 99 71 9 175 212 20 118 229 165 224 30 3 125 253 23 245 29 92 101 20 35 165 185 208 80 4 190 299 128 193 114 179 140 42 194 231 
149 51 125 190 123 119 223 240 165 56 249 158 239 47 111 224 27 57 156 241 176 69 33 261 164 283 57 113 138 220 212 213 27 7 214 242 168 288 222 18 79 110 106 160 229 54 85 162 65 174 297 125 115 31 242 156 63 72 51 225 175 50 130 297 270 276 173 129 135 86 143 173 85 120 139 279 8 249 185 19 288 228 267 33 100 124 242 44 242 231 1 158 253 224 160 76 299 153 105 288 
240 294 247 219 266 60 116 104 98 216 5 90 64 299 287 201 223 66 228 123 15 206 2 248 150 22 223 17 0 40 142 113 110 8 134 182 138 274 92 186 273 295 253 47 197 235 100 287 124 266 37 79 299 107 43 160 68 176 179 32 126 199 241 35 231 212 11 197 149 44 152 269 56 13 242 178 23 156 107 17 191 251 180 36 175 19 100 221 218 5 291 214 262 171 114 271 130 109 26 281 
179 120 67 229 114 284 192 80 42 249 299 174 60 35 74 296 90 26 108 183 127 50 204 98 90 95 264 71 151 57 201 192 208 124 34 267 37 170 98 128 254 75 57 39 19 16 247 77 87 183 291 231 141 135 198 232 296 17 284 246 90 130 29 269 180 178 140 47 160 160 60 7 91 230 221 86 68 15 62 207 80 84 234 108 287 240 260 241 259 47 93 269 124 125 285 193 71 242 298 223 
67 189 24 15 285 178 254 218 191 172 159 152 244 55 109 18 73 297 154 64 127 39 132 2 207 226 275 294 94 114 108 153 90 187 36 130 264 186 209 164 56 211 56 202 186 29 280 229 123 189 117 13 11 143 133 111 184 201 283 275 55 93 97 48 245 128 288 140 293 128 97 118 11 80 202 280 52 74 33 38 77 190 93 48 193 183 19 84 143 273 70 20 95 82 46 253 164 146 177 108 
298 242 287 199 253 142 132 27 45 161 283 32 91 290 265 78 248 53 70 71 225 115 100 126 87 54 198 234 227 91 74 46 241 141 70 223 196 250 176 162 73 264 264 264 237 66 294 14 152 79 160 86 280 60 80 32 69 117 282 261 62 67 60 174 112 173 131 167 170 44 46 45 172 93 101 44 68 217 243 289 49 263 78 69 50 185 123 54 47 50 121 26 250 200 19 129 5 154 174 166 
49 180 159 184 14 29 13 183 154 293 253 70 280 139 15 254 49 129 48 225 124 71 60 116 249 264 278 53 43 103 66 256 63 38 107 164 136 56 140 214 44 132 172 245 15 280 76 207 83 243 120 116 67 162 103 215 269 193 138 137 13 13 291 130 55 13 253 48 136 294 148 135 143 155 19 206 163 125 32 252 131 270 270 215 278 213 241 167 200 101 106 214 241 109 67 143 180 58 205 13 
151 99 190 5 129 242 190 30 260 56 169 107 128 3 111 18 124 13 126 45 152 125 167 98 278 120 191 279 280 10 141 209 214 230 181 276 36 253 54 0 11 151 39 254 256 290 191 34 205 161 67 216 79 188 41 80 144 81 226 150 178 158 214 2 155 152 291 265 178 108 255 212 282 95 111 104 78 131 1 50 117 284 196 8 87 168 123 61 259 159 154 197 146 149 87 68 140 229 12 278 
285 238 40 275 79 144 117 226 206 114 106 131 292 117 100 13 31 259 53 188 39 193 151 187 236 178 26 293 131 197 297 90 68 4 70 208 32 186 240 119 36 110 109 220 158 297 296 16 78 10 108 53 200 228 82 185 252 92 7 11 290 228 122 230 55 178 141 75 275 217 161 111 12 80 291 237 143 0 252 97 150 25 40 192 126 240 235 46 146 32 247 98 111 97 86 28 90 24 192 285 
207 232 11 22 126 4 271 282 243 134 63 194 14 192 140 54 65 177 257 290 18 118 2 40 256 17 110 239 97 190 35 157 23 132 183 105 287 114 210 200 283 79 181 81 118 119 109 98 162 27 152 165 185 26 103 107 148 36 209 212 284 211 159 159 89 21 293 35 153 130 275 246 253 18 283 153 130 33 254 228 263 241 282 212 45 119 287 242 47 270 156 26 175 109 188 231 64 71 148 152 
229 23 275 52 246 273 33 271 262 251 88 93 45 180 229 270 279 47 133 134 109 43 11 153 42 58 93 98 76 290 77 193 240 87 258 167 251 30 90 85 246 73 167 120 21 36 137 135 284 76 294 86 290 110 93 161 73 119 47 224 53 125 67 217 220 32 47 10 122 250 135 281 195 87 18 249 66 273 139 268 106 195 162 174 210 233 178 215 72 71 65 119 119 293 230 117 259 123 239 217 
117 160 272 135 135 233 146 261 19 127 258 224 39 248 172 122 25 142 168 38 60 220 240 241 198 10 136 243 291 179 237 269 19 94 263 50 11 238 94 87 190 33 275 251 125 195 264 135 87 170 84 114 67 180 100 257 15 168 143 277 34 70 54 289 79 286 95 194 284 151 110 31 18 33 162 62 26 15 87 256 180 88 145 92 14 296 284 43 156 255 67 58 155 22 173 213 119 209 78 227 
224 204 56 278 106 1 246 60 149 77 129 245 189 270 252 147 66 60 268 160 178 3 217 159 269 13 23 254 154 3 213 106 193 117 262 291 260 86 148 181 82 237 121 139 96 90 40 247 206 184 205 107 134 139 124 43 142 37 36 39 232 80 159 13 29 230 100 110 83 67 143 86 200 99 200 85 151 30 191 193 61 36 91 96 242 232 278 2 121 246 51 4 269 88 29 63 186 234 83 187 
43 202 32 165 157 159 142 207 100 36 217 176 49 67 189 56 155 122 20 25 102 78 285 29 77 110 30 61 171 279 267 187 40 9 175 237 92 196 166 46 257 96 219 84 229 150 8 218 22 181 292 258 129 255 157 243 4 299 127 277 200 27 211 185 74 181 251 179 89 244 296 113 200 200 25 34 44 245 196 298 294 84 18 247 298 255 132 149 226 15 271 6 144 199 83 166 245 182 132 169 
217 121 101 172 7 102 214 1 56 264 275 57 50 149 250 132 117 172 245 264 23 282 143 273 121 199 129 129 18 8 251 174 294 200 85 60 289 36 195 25 208 71 108 62 272 90 62 76 211 123 173 14 236 200 243 65 230 186 27 50 155 63 60 158 85 109 63 92 54 96 263 6 156 217 297 297 7 60 21 143 122 243 200 5 139 164 130 262 187 137 37 249 117 82 102 14 6 191 24 232 
141 119 75 73 140 144 187 55 299 183 49 53 239 158 85 121 241 148 20 240 156 253 156 259 269 74 146 229 22 48 127 217 128 240 175 49 16 6 29 238 192 118 127 27 35 138 60 56 115 54 23 136 218 84 87 91 133 19 219 183 79 62 77 165 18 37 98 151 157 48 248 201 30 127 126 76 96 148 230 152 99 195 232 149 135 198 279 33 207 61 202 221 207 174 49 107 283 284 36 125 
113 69 143 33 121 276 206 140 28 36 11 193 199 146 174 272 52 257 16 186 77 220 3 14 48 140 228 248 228 230 142 45 89 219 155 144 273 34 121 88 113 202 122 73 82 193 123 27 261 36 157 93 5 79 253 294 64 239 138 106 19 91 256 183 138 268 295 181 258 205 45 151 89 69 24 170 251 18 151 96 275 230 71 78 78 0 5 222 97 37 210 180 61 55 41 165 90 241 121 108 
85 65 114 285 71 11 153 99 276 110 19 159 148 260 33 209 252 273 206 221 5 16 217 142 286 77 22 285 131 46 258 98 188 293 249 279 158 22 52 161 288 29 143 286 58 126 124 299 78 127 157 207 295 13 238 281 263 251 111 231 291 47 144 270 204 234 234 80 0 215 269 195 287 167 298 179 191 51 200 203 14 29 153 161 123 20 294 260 286 39 43 81 152 28 219 52 6 77 72 164 
60 258 229 289 5 124 17 134 121 281 124 94 207 217 43 86 61 281 44 87 57 174 114 281 109 24 70 21 124 172 27 267 282 70 32 276 270 99 155 73 235 42 0 215 45 161 70 186 229 91 125 19 2 92 173 167 173 256 18 128 128 243 285 190 130 193 113 262 46 129 125 150 169 151 105 226 109 71 263 157 295 36 213 219 119 196 232 105 42 36 63 137 217 220 223 192 48 285 153 5 
129 222 198 8 143 244 259 295 149 124 282 156 47 282 87 131 134 32 154 257 23 224 75 225 254 97 276 162 28 27 3 69 11 154 35 160 88 209 153 7 278 203 102 102 117 254 108 212 109 42 64 42 108 104 237 11 205 143 234 282 278 183 260 133 21 41 156 105 58 22 88 53 176 227 164 212 289 159 3 225 135 43 141 281 205 275 299 127 133 94 81 66 91 240 56 85 13 94 168 7 
116 142 3 270 292 183 159 56 196 63 244 250 36 151 158 249 206 227 22 50 298 122 90 18 37 172 166 157 149 238 240 94 79 54 79 72 232 129 108 76 216 280 45 275 104 154 174 254 247 134 209 34 228 3 57 241 142 201 106 230 47 194 159 19 141 190 272 257 278 159 250 68 114 112 124 237 159 111 211 96 52 57 133 14 83 16 37 195 140 108 166 227 1 251 42 97 115 238 109 261 
168 69 22 258 103 145 173 211 25 247 110 240 190 75 177 31 123 279 75 4 52 157 107 48 61 76 60 205 165 206 26 134 248 297 144 136 10 223 261 126 254 295 5 41 79 126 298 11 136 74 270 89 183 32 4 6 149 0 142 281 32 121 169 138 20 10 299 250 178 8 28 145 66 120 288 51 256 28 227 85 282 158 219 128 248 173 30 292 284 122 40 291 242 264 19 112 262 215 255 78 
133 78 89 52 146 261 206 287 138 154 33 33 113 154 37 264 14 235 208 10 81 283 65 31 205 267 271 9 9 189 245 258 118 271 33 235 144 189 32 188 23 200 296 212 154 28 197 166 231 31 128 204 294 23 217 287 211 150 287 56 33 12 53 57 252 5 123 267 277 179 161 158 61 210 35 257 223 274 299 64 198 225 290 203 70 122 21 181 198 89 39 61 170 200 23 240 13 289 128 227 
194 248 214 162 14 84 175 81 106 93 230 153 127 165 236 142 157 91 161 221 56 239 176 245 288 272 253 26 20 214 95 75 241 208 3 159 164 41 283 6 53 225 2 54 282 90 179 202 203 16 109 49 223 82 18 134 55 117 70 103 45 230 273 48 132 115 159 105 106 22 100 6 50 210 53 146 107 290 209 278 52 19 291 167 218 84 92 107 71 128 256 283 104 67 222 261 45 121 143 281 
48 151 41 124 111 256 176 109 230 239 286 38 84 21 266 238 77 162 266 281 68 299 15 239 169 214 273 42 126 185 138 129 154 108 95 257 54 146 22 179 227 170 50 66 44 50 176 87 216 224 50 290 110 162 245 210 225 143 234 128 250 104 17 60 96 57 190 4 190 61 1 125 122 63 8 159 238 202 57 133 135 225 293 41 62 287 231 257 34 246 86 69 93 42 75 135 266 249 165 249 
99 289 9 106 60 122 144 184 175 244 234 124 218 46 86 222 50 176 220 106 13 35 117 296 30 67 269 252 72 126 61 53 292 286 271 115 59 202 219 229 200 13 159 200 29 52 159 66 71 207 277 179 194 9 255 10 267 83 10 234 202 142 197 19 183 12 167 166 260 44 165 87 47 13 35 102 248 25 284 184 86 154 297 156 158 21 202 165 179 198 199 66 60 242 166 263 279 94 100 273 
120 213 85 165 58 188 231 193 271 137 106 264 17 66 62 148 163 175 69 256 34 123 32 258 234 225 99 113 57 233 67 144 237 187 228 247 235 250 299 234 174 214 13 107 94 126 12 58 59 131 38 56 105 103 124 120 261 241 137 210 155 197 119 13 201 202 249 298 152 115 117 211 222 31 196 88 236 56 44 253 169 265 1 251 94 190 16 88 191 292 59 269 182 258 297 210 211 148 73 189 
40 66 292 110 253 51 256 67 202 10 14 94 268 208 24 171 134 272 39 156 157 171 186 118 78 224 204 294 218 95 271 108 202 60 146 75 161 227 168 277 46 117 65 171 118 146 244 292 61 236 282 86 44 154 82 134 211 174 129 286 188 108 20 220 104 53 68 176 52 259 149 296 123 273 2 32 22 281 76 97 208 244 192 30 115 237 246 0 54 122 20 297 68 299 100 64 181 109 229 183 
184 206 219 283 17 278 284 91 172 237 137 54 173 290 106 134 85 136 123 45 241 118 16 107 90 36 70 28 261 223 162 92 127 110 9 107 216 299 228 54 172 260 226 35 54 275 184 244 284 254 228 11 174 51 246 217 266 71 194 244 176 297 190 57 203 233 155 14 136 110 9 288 74 245 241 65 113 167 109 63 123 280 254 16 87 245 129 193 224 111 146 221 22 269 26 164 115 124 170 195 
193 53 92 258 118 175 90 239 280 137 194 124 129 290 64 28 278 259 178 298 176 117 67 14 159 244 9 28 247 87 38 55 71 241 233 254 52 287 58 69 282 31 166 54 148 12 131 17 214 159 224 117 46 1 248 256 284 134 264 190 135 242 118 8 183 254 243 294 180 169 69 243 110 223 285 241 103 230 35 41 91 75 60 136 110 295 247 189 287 218 179 285 295 265 43 12 43 243 195 62 
82 233 150 62 294 230 133 170 270 275 127 63 272 112 269 98 29 187 232 71 93 246 261 177 259 151 52 107 128 198 216 97 59 38 242 1 57 236 244 83 37 141 4 228 51 210 224 275 237 180 244 270 95 4 11 258 75 81 162 7 87 9 123 171 257 270 156 253 155 28 214 291 112 30 197 123 291 76 89 104 159 268 167 160 47 249 252 85 7 23 261 6 158 5 59 80 73 227 245 17 
244 200 64 291 248 207 183 280 184 60 83 80 200 161 288 267 39 5 65 69 167 197 108 44 55 282 225 121 88 266 201 37 12 142 170 249 83 83 277 211 222 208 19 191 146 192 72 27 257 136 221 291 216 147 207 103 216 239 209 245 60 163 91 173 147 187 63 120 34 196 204 73 29 105 64 26 99 113 190 50 23 5 185 185 232 296 104 77 51 150 158 4 267 178 291 58 101 67 204 224 
106 296 159 65 162 207 279 96 278 159 219 94 256 150 240 221 240 25 180 242 199 53 112 107 136 290 14 7 27 154 4 142 81 292 47 200 143 274 15 77 82 191 178 230 203 41 99 291 249 138 94 112 295 125 33 193 6 104 184 245 39 220 172 281 125 276 148 232 293 65 277 106 193 186 260 71 86 119 294 185 249 151 12 285 281 78 138 198 135 172 164 138 122 8 203 145 152 196 177 99 
133 145 297 178 278 206 65 76 252 196 184 21 82 172 138 268 156 264 106 14 230 234 255 272 293 163 250 299 228 252 131 81 113 83 98 189 249 35 32 13 249 219 18 211 199 192 153 214 292 298 103 34 79 118 205 171 162 169 57 170 32 227 273 200 255 248 225 291 2 79 78 267 189 274 167 261 107 61 45 86 221 274 53 141 150 203 28 69 179 246 159 110 59 130 248 294 173 183 281 33 
17 92 222 160 120 47 296 73 92 41 273 192 243 214 73 216 199 223 119 220 154 14 180 3 287 85 267 11 185 163 159 294 186 152 29 166 54 127 193 278 121 185 241 284 91 115 35 298 226 132 44 48 233 32 6 194 143 72 87 241 270 203 78 43 153 53 66 269 200 242 233 33 214 265 223 63 195 41 166 259 283 167 8 191 59 29 106 55 267 255 4 122 111 184 247 82 242 280 78 128 
100 255 220 125 171 140 236 36 52 27 122 227 203 256 126 67 140 169 247 16 219 53 21 169 286 162 97 138 230 68 184 47 231 100 179 234 172 155 203 59 158 179 149 95 32 142 19 103 184 288 15 43 171 204 15 43 174 125 17 268 271 107 173 278 134 279 162 268 149 75 90 129 142 203 245 118 103 27 282 240 231 290 22 55 279 98 5 115 87 33 123 122 70 203 113 150 47 165 72 200 
250 50 65 25 262 12 138 208 65 61 252 93 189 214 105 240 15 48 48 201 233 213 150 147 284 253 175 2 176 234 210 93 103 184 277 267 280 118 9 178 108 117 36 58 26 74 156 143 200 17 111 161 20 135 95 215 147 173 240 218 291 198 263 144 221 3 78 124 151 172 133 231 82 19 255 43 82 248 258 39 0 291 199 268 224 97 241 263 13 63 195 163 198 204 276 203 62 250 27 39 
134 196 39 267 9 278 297 233 157 53 251 161 136 204 227 141 85 139 233 154 148 110 101 8 264 74 21 256 204 188 25 36 251 44 251 47 35 160 61 159 55 276 237 175 209 81 216 73 76 3 2 212 206 224 94 9 288 226 89 147 237 2 47 116 225 145 80 158 83 215 220 94 76 207 2 171 265 266 194 138 31 0 41 225 82 263 17 194 240 153 64 82 203 60 174 158 208 27 27 120 
61 212 253 92 253 140 126 205 106 155 128 22 91 45 298 6 160 244 118 172 51 151 256 227 124 285 29 18 288 158 87 9 256 211 181 283 184 236 46 123 278 132 131 121 157 55 176 166 4 299 122 98 53 215 262 113 106 255 77 100 217 38 109 34 110 88 31 279 267 95 221 235 143 96 118 109 295 218 172 142 158 47 61 269 10 247 273 129 236 232 286 185 11 242 37 195 274 38 4 130 
164 53 173 12 148 240 246 172 75 258 73 265 18 98 206 96 182 185 134 194 149 297 235 28 86 243 266 22 184 47 76 70 105 50 239 287 153 272 146 210 296 34 256 263 260 42 102 31 1 134 284 88 299 154 209 70 194 289 20 273 161 49 162 210 185 257 121 19 2 220 59 193 221 212 88 256 180 160 36 174 92 6 149 52 221 59 199 221 147 260 80 267 3 1 186 271 27 124 243 32 
219 200 97 247 48 158 194 197 218 84 169 70 113 80 181 21 295 84 206 111 225 7 14 84 95 178 14 220 161 297 185 42 112 47 11 267 208 73 257 129 198 133 69 42 125 174 126 227 257 60 237 176 141 120 85 33 233 278 47 233 110 292 249 62 105 83 298 166 61 33 251 25 161 281 75 22 85 238 245 162 19 100 105 131 73 189 110 253 102 15 100 135 30 199 266 263 170 114 289 295 
35 45 269 219 293 218 71 55 115 197 232 215 145 172 134 104 99 107 165 172 228 191 223 24 177 77 254 214 263 269 129 190 290 23 137 173 236 257 46 132 237 275 67 265 216 32 83 267 25 174 148 87 293 28 176 183 7 217 289 10 52 27 133 127 118 81 63 147 172 62 64 221 173 204 290 24 190 220 156 169 129 90 86 249 55 66 28 33 72 284 273 111 158 226 190 195 43 172 282 55 
107 53 197 35 9 111 160 129 12 27 199 272 50 290 289 210 160 103 19 176 260 78 295 265 215 84 263 129 21 152 23 15 191 166 19 297 64 70 97 215 211 238 157 51 127 215 198 215 266 50 164 259 288 203 138 257 240 274 25 174 177 245 2 167 290 192 85 43 21 15 114 175 125 117 261 287 66 109 140 299 115 110 51 206 174 198 139 126 234 124 220 220 161 46 90 45 155 108 121 154 
198 223 211 31 212 284 104 78 38 52 36 166 30 236 246 190 299 41 29 276 111 46 167 1 230 53 187 83 82 114 191 189 178 205 143 269 78 247 29 131 111 192 161 77 251 236 215 154 148 142 162 72 101 8 259 233 169 200 250 40 187 158 272 284 109 7 63 32 81 229 14 299 289 117 248 287 198 101 238 194 299 286 146 141 251 93 295 270 228 192 223 137 298 111 212 87 103 215 274 29 
288 80 47 177 104 246 124 284 11 49 100 179 234 257 218 235 157 242 16 18 93 168 241 289 159 263 262 259 208 83 141 227 54 130 290 141 224 140 70 44 6 110 192 224 64 178 70 238 94 115 205 189 78 106 101 204 166 156 123 3 0 33 283 290 181 64 8 243 13 95 258 44 87 37 247 257 232 175 49 195 24 224 183 9 233 20 118 158 195 255 226 204 192 93 245 111 20 90 280 184 
271 243 151 19 238 38 5 183 16 274 164 9 190 133 14 116 37 228 269 248 270 240 152 220 258 293 131 273 203 163 87 171 127 116 170 233 291 137 113 85 127 176 178 249 248 25 165 57 270 280 218 237 99 83 185 57 7 32 264 224 214 96 88 292 143 21 258 279 63 214 28 91 69 181 212 210 138 10 117 161 12 0 256 213 207 171 248 35 180 113 29 8 217 22 113 80 112 199 184 276 
184 100 141 5 18 193 278 112 84 242 217 63 271 182 295 261 296 14 274 244 183 209 65 62 225 91 98 78 199 126 207 273 100 16 157 248 46 19 279 143 23 134 194 15 191 253 208 228 56 38 202 262 222 196 237 217 68 39 124 42 259 218 276 80 273 298 20 179 257 204 271 148 241 181 43 109 148 48 155 286 289 228 212 37 67 154 0 233 55 60 211 5 83 59 67 67 49 238 213 75 
23 296 175 34 207 69 41 154 250 32 255 4 217 83 194 267 56 94 67 167 150 161 18 178 165 268 7 202 254 116 124 119 44 143 199 237 110 236 267 97 269 81 85 281 270 25 274 226 256 205 5 166 194 109 278 285 60 35 252 11 230 27 23 75 192 1 238 154 244 203 142 203 77 234 177 105 102 28 152 265 2 76 11 142 77 185 134 27 187 154 47 16 36 157 279 283 32 126 149 76 
31 82 294 110 15 137 122 165 44 253 41 17 28 29 133 168 277 293 35 115 236 222 164 36 111 176 238 132 30 241 212 291 33 169 158 105 249 236 100 108 44 48 189 289 33 292 214 11 12 288 0 241 226 202 27 216 145 241 124 117 251 179 230 280 64 180 11 49 284 52 20 110 266 213 19 201 49 99 19 267 124 184 30 141 209 168 286 27 177 295 61 82 28 72 295 186 54 218 204 152 
121 237 174 275 189 68 163 185 4 180 103 193 32 39 161 128 201 54 84 273 27 4 84 216 155 188 296 13 17 204 226 297 227 215 117 36 276 220 295 118 62 109 15 172 40 70 68 93 154 273 19 282 263 182 101 14 262 167 205 226 44 50 76 84 133 146 226 252 204 194 256 287 120 192 123 120 0 213 172 273 216 269 79 279 73 166 165 188 144 16 21 288 47 16 159 221 141 161 168 280 
130 270 37 125 268 137 290 278 211 124 232 183 36 290 146 183 22 212 296 227 92 180 237 219 250 150 55 29 78 93 36 235 166 216 96 143 167 226 0 280 127 11 113 283 192 120 221 143 260 64 193 98 268 175 296 35 29 55 251 140 240 46 46 161 0 216 233 161 109 109 130 293 43 101 122 109 29 182 67 165 120 182 193 209 127 253 39 117 40 53 72 96 258 192 101 166 109 9 25 15 
119 272 112 106 144 43 208 210 28 233 1 255 283 117 175 152 261 134 194 104 255 18 21 19 58 75 201 83 243 121 188 50 19 37 237 109 256 105 259 249 263 1 266 277 211 2 124 28 26 41 112 97 194 243 107 276 167 138 199 243 111 30 41 189 131 297 186 17 28 207 102 194 80 250 160 157 117 261 167 48 242 104 169 190 98 43 277 244 109 266 139 34 198 1 85 32 41 279 62 238 
252 125 173 166 149 80 75 217 62 2 6 237 29 285 34 178 149 120 256 77 245 44 92 177 207 86 255 260 39 153 298 181 41 118 86 124 248 294 24 173 157 85 246 129 176 85 263 242 284 292 239 45 161 225 283 51 153 56 264 163 8 249 278 41 153 99 86 140 48 102 279 35 225 257 237 139 233 40 239 100 220 168 199 92 214 136 296 96 174 100 295 212 232 40 245 214 297 204 36 234 
221 210 35 209 144 287 235 256 249 289 99 23 255 208 48 177 192 272 70 52 49 167 9 152 30 170 199 125 30 17 197 35 203 167 45 31 237 263 135 218 208 277 75 251 239 224 169 264 216 64 269 80 278 183 206 9 216 247 34 189 91 246 80 182 265 120 52 59 8 225 74 240 127 117 250 81 234 184 191 169 136 145 18 76 240 232 125 286 105 55 131 218 167 50 127 296 209 191 157 87 
281 233 263 146 284 123 204 71 222 171 145 217 274 287 161 258 133 120 283 32 245 141 129 253 0 275 26 272 70 266 215 230 24 134 187 241 229 147 38 112 30 126 208 243 176 98 1 176 68 201 99 274 248 262 57 29 173 119 7 186 13 274 179 69 125 194 238 40 237 247 44 17 70 241 291 127 228 153 167 273 238 89 270 148 59 174 238 110 122 3 235 158 204 75 153 78 284 299 283 3 
287 13 37 64 234 196 219 229 109 34 74 22 53 42 299 238 20 137 282 253 31 231 289 285 40 101 64 159 21 290 227 170 189 75 26 292 166 155 288 286 35 123 231 89 138 245 231 137 276 15 89 276 0 294 282 78 285 20 237 112 68 259 117 122 286 63 238 2 54 69 65 214 117 109 206 268 201 233 213 52 267 39 189 230 113 238 41 90 236 3 179 60 106 249 10 123 286 278 262 221 
42 212 231 271 269 212 86 183 166 96 74 31 270 115 127 88 166 261 228 287 51 59 27 123 233 230 133 275 161 91 177 105 82 206 1 163 66 91 151 284 270 76 46 139 155 213 14 56 239 148 15 179 60 264 272 117 30 284 55 32 51 212 120 6 14 64 236 5 220 212 275 217 35 166 232 47 196 210 79 197 28 3 247 190 21 134 31 19 58 284 19 89 128 215 215 205 58 281 99 94 
71 137 83 58 131 50 281 139 95 117 177 39 113 249 112 50 192 153 112 100 95 122 210 219 228 17 13 173 51 11 31 32 95 71 162 205 76 196 80 80 190 152 22 171 119 64 101 273 163 272 110 124 235 241 152 140 55 66 23 182 275 88 179 205 65 218 153 224 140 191 290 177 84 65 14 140 156 278 183 282 92 49 181 288 21 207 208 218 109 182 140 93 99 237 264 209 151 18 59 207 
206 177 146 114 177 277 214 294 282 176 265 10 166 278 171 46 208 38 287 193 227 156 57 33 240 202 82 51 94 218 234 172 238 12 93 124 136 280 42 202 71 126 196 4 73 256 113 149 174 35 32 284 71 82 149 154 60 279 268 247 63 232 162 1 251 81 11 113 59 2 37 135 81 51 131 120 297 247 238 42 138 258 132 155 142 186 289 73 177 116 131 61 92 178 80 237 111 80 127 104 
113 175 32 185 46 129 235 163 126 254 92 99 140 51 246 182 237 137 105 165 18 184 186 70 19 109 184 85 129 132 202 226 226 98 282 45 192 254 244 143 244 282 219 87 0 141 111 22 86 203 180 66 263 172 194 89 174 116 261 108 1 43 111 125 262 176 268 98 86 275 269 255 99 144 184 71 54 282 235 1 151 255 255 77 103 156 18 86 227 61 88 34 103 139 231 252 50 49 193 192 
180 264 295 132 207 182 43 274 22 272 233 70 227 3 165 125 52 164 131 34 273 238 0 119 196 33 181 175 280 93 86 36 242 273 149 192 284 276 275 248 236 272 29 178 6 25 131 298 101 80 277 55 43 17 254 112 22 25 258 271 149 124 99 96 256 46 296 226 175 48 148 73 181 121 21 227 247 2 236 80 90 135 111 280 135 32 166 192 102 67 126 263 113 121 207 239 54 42 75 138 
94 84 228 194 19 117 146 296 176 186 49 84 143 187 294 86 276 155 143 31 80 198 96 84 265 174 143 90 216 278 103 245 182 210 29 246 267 274 83 74 16 65 65 181 232 42 225 127 294 232 282 198 77 275 148 144 59 137 130 203 106 54 200 6 188 152 295 161 90 262 249 260 255 162 237 240 246 129 213 238 49 173 270 220 195 146 39 69 117 2 285 225 204 258 29 261 150 6 259 32 
